5088.0
4968.4
4965.9
4954.7
4938.899999999999
4881.599999999999
4869.799999999999
4853.899999999999
4842.999999999998
4819.399999999999
4817.999999999998
4787.899999999998
4763.9
4720.399999999998
4714.5999999999985
4699.199999999999
4671.199999999999
4662.399999999999
4639.799999999999
4626.399999999999
4625.9
4590.799999999999
4482.9
4467.199999999999
4349.199999999999
4303.799999999999
4272.9
4203.599999999999
4203.399999999999
4168.5
4162.3
4159.0
4137.700000000001
4108.400000000001
4073.8
3985.6000000000004
3963.8000000000006
3960.7
3949.599999999998
3903.0999999999985
3857.199999999999
3827.499999999999
3825.9
3795.8999999999987
3767.1
3740.600000000001
3686.9
3659.8
3639.6999999999994
3601.7000000000003
3564.0999999999995
3558.899999999999
3484.999999999999
3476.099999999999
3466.499999999999
3454.699999999999
3425.300000000001
3424.6999999999994
3414.9000000000005
3397.2000000000007
3386.1000000000004
3377.9000000000005
3363.2000000000003
3359.8000000000006
3359.8
3354.2999999999993
3324.7
3257.7000000000003
3229.9
3211.1999999999994
3178.0999999999995
3177.3
3175.4000000000005
3156.6000000000004
3152.299999999999
3097.8999999999996
3095.599999999998
3085.199999999998
3083.499999999998
3077.1999999999985
3062.7999999999997
3047.9
3037.6999999999994
3009.099999999999
3006.9999999999986
3005.5999999999976
2994.5999999999976
2991.5999999999976
2989.999999999998
2986.4999999999986
2939.0999999999985
2904.1999999999985
2883.6
2883.2
2880.7
2838.7000000000003
2807.5
2793.1999999999994
2773.4000000000005
2759.1000000000004
2731.3999999999996
2710.699999999999
2693.199999999999
2661.999999999999
2631.7
2612.8999999999996
2609.6
2604.7000000000003
2573.500000000001
2538.4
2528.0
2516.999999999999
2488.9999999999995
2488.8
2485.4
2476.1000000000004
2462.8
2459.0999999999995
2438.8999999999996
2414.3999999999996
2407.199999999999
2385.599999999999
2330.1999999999994
2329.9999999999995
2319.2000000000007
2303.4
2297.5
2295.399999999999
2281.6999999999994
2276.8999999999996
2268.6
2258.2
2245.499999999999
2230.499999999999
2227.5
2225.9999999999995
2184.5999999999995
2167.0999999999995
2159.9999999999986
2139.999999999999
2122.3999999999996
2118.0
2090.3
2082.3
2073.1
2069.9
2064.7999999999997
2060.5
2059.4
2038.5999999999995
2031.0999999999997
2023.9999999999998
1999.2999999999997
1986.8000000000002
1973.7999999999997
1950.3999999999996
1948.999999999999
1948.0999999999992
1943.0999999999992
1936.9999999999993
1927.6999999999998
1911.2999999999997
1905.3
1892.0
1889.4000000000005
1883.7000000000005
1883.1000000000006
1882.8999999999994
1842.8999999999987
1832.7999999999988
1830.4999999999998
1790.9999999999998
1782.8
1782.5000000000005
1767.000000000001
1756.2000000000003
1753.8000000000002
1746.2000000000007
1745.7
1729.5999999999997
1713.0999999999997
1708.2000000000003
1696.5000000000005
1694.8000000000006
1694.5000000000005
1686.0999999999997
1667.0999999999997
1664.3999999999996
1663.0000000000002
1654.5000000000002
1648.9999999999998
1646.1999999999998
1645.5000000000002
1638.1000000000001
1636.0000000000002
1635.5
1633.6000000000001
1602.4000000000003
1601.7
1594.6999999999998
1592.6
1588.4999999999998
1580.4999999999998
1565.0999999999995
1544.4999999999998
1539.1
1533.6999999999998
1526.4
1512.9999999999998
1499.5000000000005
1494.4
1486.1000000000001
1484.4999999999998
1483.9
1474.1
1463.8
1459.4000000000005
1457.2000000000005
1452.8000000000006
1443.3999999999996
1412.3999999999996
1399.1999999999996
1379.7000000000003
1378.3000000000004
1356.3000000000006
1347.4000000000005
1343.6000000000006
1342.3000000000004
1340.3000000000004
1325.1000000000004
1324.1000000000006
1322.9000000000005
1321.3
1318.7000000000007
1318.5000000000002
1304.9000000000003
1283.6000000000001
1263.8000000000002
1259.2000000000003
1256.6000000000004
1250.4000000000005
1249.8000000000004
1232.2000000000007
1226.6999999999998
1225.0999999999997
1210.0000000000002
1205.5000000000002
1200.6
1186.8
1176.6999999999998
1174.4999999999998
1169.8999999999994
1153.9
1145.6000000000001
1143.8999999999999
1143.8000000000002
1141.9
1130.5000000000002
1121.7
1119.8000000000002
1119.6
1118.6
1117.4
1115.5
1110.1
1106.6
1095.8
1092.5
1084.4
1082.8
1072.5
1043.8999999999999
1037.8000000000002
1025.1000000000001
1023.4000000000002
1023.2000000000003
1007.2000000000003
1006.4000000000002
1006.3999999999995
1006.2000000000006
999.6000000000005
993.7000000000005
987.2000000000005
979.2000000000006
977.2000000000007
971.2000000000007
971.0000000000007
964.2000000000007
953.3000000000008
946.3000000000006
945.8000000000006
945.6000000000005
944.3000000000004
929.3000000000004
923.0000000000005
916.8000000000004
916.3999999999996
890.5999999999996
883.2999999999996
882.1999999999997
881.8999999999997
877.9999999999998
874.0999999999998
872.9999999999998
870.2999999999998
867.9999999999999
862.1999999999998
861.8
861.2999999999998
858.9999999999999
857.9999999999999
852.4999999999999
852.3
851.0999999999999
843.5
841.8000000000001
840.4000000000001
836.3
835.1
834.7
